Full Name,Name,Status,Duration,Error,Stack Trace,Steps,Parent Suite,Suite,Sub Suite,Epic,Feature,Story
"dev.multistack.app.config.CorsConfigTest.apiCorsChecksOrigin","admits a configured dev server origin and rejects an unknown one","passed","72ms",,,,,"CorsConfig",,"Security","CORS",
"dev.multistack.app.config.CorsConfigTest.apiCorsAllowsSameHostOrigin","admits the deployment host when Origin matches the request Host","passed","1ms",,,,,"CorsConfig",,"Security","CORS",
"dev.multistack.app.config.CorsConfigTest.apiCorsAllowsOriginPatterns","applies the configured origin patterns on /api/**","passed","1ms",,,,,"CorsConfig",,"Security","CORS",
"frontend-typescript-react:src/test/lib/stack-matrix.test.ts#stack-matrix selection builds a board href that stays on /stack/","builds a board href that stays on /stack/","passed","1ms",,,"expect(""/stack/?backend=backend-python-flask&frontend=frontend-javascript-vue"").toBe(""/stack/?backend=backend-python-flask&frontend=frontend-javascript-vue"") passed (0s)","stack-matrix selection","stack-matrix selection",,"autotests-ai-multistack-app,autotests-ai-multistack-app","stack-matrix selection",
"frontend-typescript-react:src/test/header-active-nav.test.ts#canonical header.js — mobile burger menu builds menu with nav, search, and github links","builds menu with nav, search, and github links","passed","55ms",,,"expect(6).toBe(6) passed (0s)
 expect(6).toBe(6) passed (0s)
  expect({}).not.toBeNull() passed (0s)
   expect([""header-menu-nav-home"",""header-menu-nav-login"",""header-menu-nav-register"",""header-menu-nav-stack"",""header-menu-nav-stage"",""header-menu-nav-prod""]).toEqual([""header-menu-nav-home"",""header-menu-nav-login"",""header-menu-nav-register"",""header-menu-nav-stack"",""header-menu-nav-stage"",""header-menu-nav-prod""]) passed (0s)
    expect({}).not.toBeNull() passed (0s)
     expect({}).not.toBeNull() passed (0s)
      expect({}).not.toBeNull() passed (0s)","canonical header.js — mobile burger menu","canonical header.js — mobile burger menu",,"autotests-ai-multistack-app,autotests-ai-multistack-app","canonical header.js — mobile burger menu",
"frontend-typescript-react:src/test/pages/HomePage.test.tsx#HomePage cancelling the confirm keeps the session and sends no delete request","cancelling the confirm keeps the session and sends no delete request","passed","29ms",,,"expect({""__reactFiber$lood1h7dxxq"":{""tag"":5,""key"":null,""elementType"":""div"",""type"":""div"",""stateNode"":""[Circular]"",""return"":""[Object]"",""child"":""[Object]"",""sibling"":null,... <truncated>).toBeInTheDocument() passed (0s)
 expect([Function bound ]).toHaveBeenCalledOnce() passed (0s)
  expect([]).toHaveLength(0) passed (0s)
   expect(null).not.toBeInTheDocument() passed (0s)
    expect(""valid-token"").toBe(""valid-token"") passed (0s)","HomePage","HomePage",,"autotests-ai-multistack-app,autotests-ai-multistack-app","HomePage",
"tests.e2e.DeleteAccountTests.cancellingConfirmKeepsSession","Cancelling the confirm keeps the session and sends no delete request","passed","7s 319ms",,,"API: register user tiffaniehudson_010422 passed (463ms)
 Open home page with local storage authentication passed (1s 382ms)
   API: login as tiffaniehudson_010422 passed (431ms)
  Verify welcome message: Welcome, tiffaniehudson_010422! passed (886ms)
   Click delete account and cancel the confirm passed (1s 297ms)
    Verify welcome message: Welcome, tiffaniehudson_010422! passed (717ms)
     Verify auth token remains in localStorage passed (261ms)
      API: login as tiffaniehudson_010422 passed (458ms)",,"Delete account",,"Authentication","Delete account",
"frontend-typescript-react:src/test/pages/HomePage.test.tsx#HomePage clears invalid session and keeps welcome hidden","clears invalid session and keeps welcome hidden","passed","37ms",,,"expect({""__reactFiber$lood1h7dxxq"":{""tag"":5,""key"":null,""elementType"":""div"",""type"":""div"",""stateNode"":""[Circular]"",""return"":""[Object]"",""child"":""[Object]"",""sibling"":null,... <truncated>).toBeInTheDocument() passed (0s)
 expect({""__reactFiber$lood1h7dxxq"":{""tag"":5,""key"":null,""elementType"":""div"",""type"":""div"",""stateNode"":""[Circular]"",""return"":""[Object]"",""child"":""[Object]"",""sibling"":null,... <truncated>).not.toBeVisible() passed (6ms)
  expect(null).toBeNull() passed (0s)","HomePage","HomePage",,"autotests-ai-multistack-app,autotests-ai-multistack-app","HomePage",
"frontend-typescript-react:src/test/pages/HomePage.test.tsx#HomePage clears the session when the delete call is rejected","clears the session when the delete call is rejected","passed","30ms",,,"expect({""__reactFiber$lood1h7dxxq"":{""tag"":5,""key"":null,""elementType"":""div"",""type"":""div"",""stateNode"":""[Circular]"",""return"":""[Object]"",""child"":""[Object]"",""sibling"":null,... <truncated>).toBeInTheDocument() passed (0s)
 expect({""__reactFiber$lood1h7dxxq"":{""tag"":5,""key"":null,""elementType"":""div"",""type"":""div"",""stateNode"":""[Circular]"",""return"":""[Object]"",""child"":null,""sibling"":null,""index... <truncated>).toBeInTheDocument() passed (0s)
  expect(null).toBeNull() passed (0s)","HomePage","HomePage",,"autotests-ai-multistack-app,autotests-ai-multistack-app","HomePage",
"frontend-typescript-react:src/test/lib/auth.test.ts#deleteAccount clears the stored token when the API rejects the call","clears the stored token when the API rejects the call","passed","1ms",,,"expect(null).toBeNull() passed (0s)","deleteAccount","deleteAccount",,"autotests-ai-multistack-app,autotests-ai-multistack-app","deleteAccount",
"frontend-typescript-react:src/test/lib/auth.test.ts#deleteAccount clears the stored token when the network call fails","clears the stored token when the network call fails","passed","1ms",,,"expect(null).toBeNull() passed (0s)
 expect(null).toBeNull() passed (0s)","deleteAccount","deleteAccount",,"autotests-ai-multistack-app,autotests-ai-multistack-app","deleteAccount",
"frontend-typescript-react:src/test/header-active-nav.test.ts#canonical header.js — mobile burger menu closes menu when a menu nav link is clicked","closes menu when a menu nav link is clicked","passed","58ms",,,"expect(6).toBe(6) passed (0s)
 expect(6).toBe(6) passed (0s)
  expect(false).toBe(false) passed (0s)
   expect(true).toBe(true) passed (0s)","canonical header.js — mobile burger menu","canonical header.js — mobile burger menu",,"autotests-ai-multistack-app,autotests-ai-multistack-app","canonical header.js — mobile burger menu",
"tests.e2e.DeleteAccountTests.confirmingDeleteClearsSessionAndNavigatesToLogin","Confirming delete account clears the session and navigates to login","passed","12s 803ms",,,"API: register user allaward_644562 passed (2s 371ms)
 Open home page with local storage authentication passed (1s 541ms)
   API: login as allaward_644562 passed (434ms)
  Verify welcome message: Welcome, allaward_644562! passed (893ms)
   Verify session panel offers logout and delete account passed (1s 421ms)
    Click delete account and confirm passed (1s 322ms)
     Verify form title message: Login Form passed (440ms)
      Verify auth token was cleared from localStorage passed (273ms)",,"Delete account",,"Authentication","Delete account",
"dev.multistack.app.config.SecurityChainTest.corsPreflightAllowsConfiguredOrigin","CORS preflight for /api/items answers the configured dev origin","passed","15ms",,,,,"Security chain with real JWT filter,slice",,"Security","Security chain",
"dev.multistack.app.config.CorsConfigTest.corsForRequestIgnoresForeignOrigin","corsForRequest does not admit a foreign origin from another host","passed","2ms",,,,,"CorsConfig",,"Security","CORS",
"dev.multistack.app.config.CorsConfigTest.corsForRequestSkipsNonApiPaths","corsForRequest ignores non-API paths and null requests","passed","1ms",,,,,"CorsConfig",,"Security","CORS",
"dev.multistack.app.config.UserSeederTest.createsSeedUserWhenMissing","creates seed user when missing","passed","207ms",,,,,"UserSeeder",,"Authentication","User seeder",
"dev.multistack.app.service.JwtServiceTest.tokenRoundtrip","createToken and extractUsername roundtrip","passed","3ms",,,,,"JwtService",,"Authentication","JWT",
"dev.multistack.app.controller.AuthControllerTest.deleteAccountReturnsNoContent","DELETE /api/auth/me removes the authenticated account with 204","passed","17ms",,,,,"AuthController,slice",,"Authentication","AuthController",
"dev.multistack.app.controller.AuthControllerTest.deleteAccountRequiresAuthentication","DELETE /api/auth/me without token returns 401","passed","6ms",,,,,"AuthController,slice",,"Authentication","AuthController",
"dev.multistack.app.service.AuthServiceTest.deleteAccountUnknownUser","deleteAccount rejects a user that no longer exists","passed","2ms",,,,,"AuthService",,"Authentication","AuthService",
"dev.multistack.app.service.AuthServiceTest.deleteAccountRemovesUser","deleteAccount removes the authenticated user","passed","2ms",,,,,"AuthService",,"Authentication","AuthService",
"frontend-typescript-react:src/test/pages/HomePage.test.tsx#HomePage deletes the account, clears the session and navigates to login","deletes the account, clears the session and navigates to login","passed","43ms",,,"expect({""__reactFiber$lood1h7dxxq"":{""tag"":5,""key"":null,""elementType"":""div"",""type"":""div"",""stateNode"":""[Circular]"",""return"":""[Object]"",""child"":""[Object]"",""sibling"":null,... <truncated>).toBeInTheDocument() passed (0s)
 expect([Function bound ]).toHaveBeenCalledWith(""Delete this account? This cannot be undone."") passed (2ms)
  expect([[""/api/auth/me"",""[Object]""]]).toHaveLength(1) passed (1ms)
   expect({""method"":""DELETE"",""headers"":{""Authorization"":""Bearer valid-token""}}).toMatchObject({""method"":""DELETE"",""headers"":{""Authorization"":""Bearer valid-token""}}) passed (1ms)
    expect({""__reactFiber$lood1h7dxxq"":{""tag"":5,""key"":null,""elementType"":""div"",""type"":""div"",""stateNode"":""[Circular]"",""return"":""[Object]"",""child"":null,""sibling"":null,""index... <truncated>).toBeInTheDocument() passed (0s)
     expect(null).toBeNull() passed (0s)","HomePage","HomePage",,"autotests-ai-multistack-app,autotests-ai-multistack-app","HomePage",
"frontend-typescript-react:src/test/header-active-nav.test.ts#env-hosts — matrix public_host derives Stage/Prod origins from public_host","derives Stage/Prod origins from public_host","passed","1ms",,,"expect(""https://autotests.ai"").toBe(""https://autotests.ai"") passed (0s)
 expect(""https://stage.autotests.ai"").toBe(""https://stage.autotests.ai"") passed (0s)
  expect([""header-nav-stage"",""header-nav-prod""]).toEqual([""header-nav-stage"",""header-nav-prod""]) passed (0s)","env-hosts — matrix public_host","env-hosts — matrix public_host",,"autotests-ai-multistack-app,autotests-ai-multistack-app","env-hosts — matrix public_host",
"frontend-typescript-react:src/test/pages/HomePage.test.tsx#HomePage does not clear session after unmount when profile fetch fails","does not clear session after unmount when profile fetch fails","passed","32ms",,,"expect({""__reactFiber$lood1h7dxxq"":{""tag"":5,""key"":null,""elementType"":""div"",""type"":""div"",""stateNode"":""[Circular]"",""return"":""[Object]"",""child"":""[Object]"",""sibling"":null,... <truncated>).toBeInTheDocument() passed (0s)
 expect({""__reactFiber$lood1h7dxxq"":{""tag"":5,""key"":null,""elementType"":""div"",""type"":""div"",""stateNode"":""[Circular]"",""return"":""[Object]"",""child"":""[Object]"",""sibling"":null,... <truncated>).toBeInTheDocument() passed (0s)
  expect(""stale-token"").toBe(""stale-token"") passed (0s)","HomePage","HomePage",,"autotests-ai-multistack-app,autotests-ai-multistack-app","HomePage",
"frontend-typescript-react:src/test/pwa/pwa-register.test.ts#pwa-register controllerchange reload does not reload on first claim (no prior controller)","does not reload on first claim (no prior controller)","passed","4ms",,,"expect([Function Mock]).not.toHaveBeenCalled() passed (0s)","pwa-register controllerchange reload","pwa-register controllerchange reload",,"autotests-ai-multistack-app,autotests-ai-multistack-app","pwa-register controllerchange reload",
"tests.e2e.RegisterTests.shouldShowErrorWhenUsernameIsTaken","Duplicate username shows readable error","passed","6s 606ms",,,"Open register page passed (374ms)
 Type username: user1 passed (1s 270ms)
  Type password passed (1s 20ms)
   Type confirm password passed (1s 26ms)
    Submit register form expecting validation or API error passed (1s 18ms)
     Verify error message: Username already taken passed (713ms)",,"Register",,"Authentication","Register",
"dev.multistack.app.repository.UserRepositoryTest.duplicateUsernameViolatesUniqueConstraint","duplicate username violates the real unique constraint (V2)","passed","26ms",,,,,"UserRepository on real PostgreSQL,slice",,"Persistence","User repository",
"tests.e2e.LoginEmbedTests.embeddedHeaderIsVisibleOnLoginPage","Embedded header is visible on login page","passed","1s 205ms",,,"Open login page passed (269ms)
  Verify login form is mounted passed (65ms)
 Verify embedded header is mounted passed (223ms)
  Verify login form is mounted passed (42ms)
   Verify form title message: Login Form passed (18ms)",,"Login embed",,"Authentication","Login embed",
"tests.e2e.LoginTests.shouldShowValidationErrorWhenPasswordIsEmpty","Empty password shows validation error","passed","5s 81ms",,,"Open login page passed (1s 651ms)
  Verify login form is mounted passed (1s 295ms)
 Type username: user1 passed (963ms)
  Submit login form expecting validation error passed (1s 43ms)
   Verify error message: Password is required (minimum 6 characters) passed (419ms)",,"Login",,"Authentication","Login",
"tests.e2e.LoginTests.shouldShowValidationErrorWhenUsernameIsEmpty","Empty username shows validation error","passed","5s 248ms",,,"Open login page passed (1s 675ms)
  Verify login form is mounted passed (1s 289ms)
 Type password passed (973ms)
  Submit login form expecting validation error passed (1s 168ms)
   Verify error message: Login is required (minimum 3 characters) passed (422ms)",,"Login",,"Authentication","Login",
"frontend-typescript-react:src/test/lib/auth.test.ts#validateCredentials enforces login minimum length","enforces login minimum length","passed","0s",,,"expect(""Login must be at least 3 characters"").toBe(""Login must be at least 3 characters"") passed (1ms)","validateCredentials","validateCredentials",,"autotests-ai-multistack-app,autotests-ai-multistack-app","validateCredentials",
"frontend-typescript-react:src/test/lib/auth.test.ts#validateCredentials enforces password minimum length","enforces password minimum length","passed","0s",,,"expect(""Password must be at least 6 characters"").toBe(""Password must be at least 6 characters"") passed (0s)","validateCredentials","validateCredentials",,"autotests-ai-multistack-app,autotests-ai-multistack-app","validateCredentials",
"dev.multistack.app.repository.UserRepositoryTest.findByUsernameEmptyForUnknownUser","findByUsername is empty for an unknown user","passed","33ms",,,,,"UserRepository on real PostgreSQL,slice",,"Persistence","User repository",
"dev.multistack.app.repository.UserRepositoryTest.findByUsernameReturnsSavedUser","findByUsername returns the saved user with generated id and created_at","passed","11ms",,,,,"UserRepository on real PostgreSQL,slice",,"Persistence","User repository",
"dev.multistack.app.controller.AuthControllerTest.meReturnsProfile","GET /api/auth/me returns profile for authenticated user","passed","9ms",,,,,"AuthController,slice",,"Authentication","AuthController",
"dev.multistack.app.config.SecurityChainTest.meWithRealBearerToken","GET /api/auth/me with a real bearer token passes the filter chain","passed","120ms",,,,,"Security chain with real JWT filter,slice",,"Security","Security chain",
"dev.multistack.app.config.SecurityChainTest.meWithTamperedToken","GET /api/auth/me with a tampered token returns 401","passed","9ms",,,,,"Security chain with real JWT filter,slice",,"Security","Security chain",
"dev.multistack.app.config.SecurityChainTest.meWithExpiredToken","GET /api/auth/me with an expired token returns 401","passed","267ms",,,,,"Security chain with real JWT filter,slice",,"Security","Security chain",
"dev.multistack.app.controller.AuthControllerTest.meRequiresAuthentication","GET /api/auth/me without token returns 401","passed","7ms",,,,,"AuthController,slice",,"Authentication","AuthController",
"dev.multistack.app.integration.ApplicationWiringIntegrationTest.healthReportsActiveBackendService","GET /api/health — full stack reports the active backend module","passed","868ms",,,,,"Application wiring on real PostgreSQL",,"Application wiring","PostgreSQL and Flyway",
"dev.multistack.app.controller.ApiControllerTest.healthReturnsOk","GET /api/health returns ok","passed","14ms",,,,,"ApiController,slice",,"Home","ApiController",
"dev.multistack.app.integration.ApplicationWiringIntegrationTest.itemsAreWiredToPostgreSQL","GET /api/items — catalogue is served from PostgreSQL with Flyway seed","passed","82ms",,,,,"Application wiring on real PostgreSQL",,"Application wiring","PostgreSQL and Flyway",
"dev.multistack.app.controller.ApiControllerTest.itemsReturnsList","GET /api/items returns items from service","passed","18ms",,,,,"ApiController,slice",,"Home","ApiController",
"frontend-typescript-react:src/test/lib/auth.test.ts#network failures getToken returns null when localStorage is unavailable","getToken returns null when localStorage is unavailable","passed","1ms",,,"expect(null).toBeNull() passed (0s)","network failures","network failures",,"autotests-ai-multistack-app,autotests-ai-multistack-app","network failures",
"tests.e2e.HomeErrorStateTests.healthApiFailureShowsReadableError","Health API failure shows a readable error in the health panel","passed","5s 558ms",,,"Mock: switch scenario health to state error passed (455ms)
 Open home page passed (532ms)
  Verify home layout is mounted passed (98ms)
   Verify health panel shows a readable error: ✗ health: HTTP 500 passed (24ms)",,"Home error states (mock)",,"Home","Error states",
"dev.multistack.app.service.ItemServiceTest.healthReturnsOk","health returns ok status","passed","1ms",,,,,"ItemService",,"Home","ItemService",
"frontend-typescript-react:src/test/header-active-nav.test.ts#canonical header.js — active nav follows the route highlights Home on mount root","highlights Home on mount root","passed","40ms",,,"expect(6).toBe(6) passed (1ms)
 expect(6).toBe(6) passed (0s)
  expect([""header-nav-home""]).toEqual([""header-nav-home""]) passed (0s)
   expect([""header-nav-home""]).toEqual([""header-nav-home""]) passed (0s)","canonical header.js — active nav follows the route","canonical header.js — active nav follows the route",,"autotests-ai-multistack-app,autotests-ai-multistack-app","canonical header.js — active nav follows the route",
"frontend-typescript-react:src/test/header-active-nav.test.ts#canonical header.js — active nav follows the route highlights Login on a direct /login load","highlights Login on a direct /login load","passed","203ms",,,"expect(6).toBe(6) passed (1ms)
 expect(6).toBe(6) passed (0s)
  expect([""header-nav-login""]).toEqual([""header-nav-login""]) passed (1ms)
   expect([""header-nav-login""]).toEqual([""header-nav-login""]) passed (0s)","canonical header.js — active nav follows the route","canonical header.js — active nav follows the route",,"autotests-ai-multistack-app,autotests-ai-multistack-app","canonical header.js — active nav follows the route",
"frontend-typescript-react:src/test/header-active-nav.test.ts#canonical header.js — active nav follows the route highlights Register on a direct /register load","highlights Register on a direct /register load","passed","68ms",,,"expect(6).toBe(6) passed (0s)
 expect(6).toBe(6) passed (0s)
  expect([""header-nav-register""]).toEqual([""header-nav-register""]) passed (0s)
   expect([""header-nav-register""]).toEqual([""header-nav-register""]) passed (0s)","canonical header.js — active nav follows the route","canonical header.js — active nav follows the route",,"autotests-ai-multistack-app,autotests-ai-multistack-app","canonical header.js — active nav follows the route",
"frontend-typescript-react:src/test/header-active-nav.test.ts#canonical header.js — active nav follows the route highlights Stack on the /stack/ board","highlights Stack on the /stack/ board","passed","43ms",,,"expect(6).toBe(6) passed (0s)
 expect(6).toBe(6) passed (0s)
  expect([""header-nav-stack""]).toEqual([""header-nav-stack""]) passed (0s)
   expect([""header-nav-stack""]).toEqual([""header-nav-stack""]) passed (0s)","canonical header.js — active nav follows the route","canonical header.js — active nav follows the route",,"autotests-ai-multistack-app,autotests-ai-multistack-app","canonical header.js — active nav follows the route",
"frontend-typescript-react:src/test/header-active-nav.test.ts#canonical header.js — mobile burger menu highlights the active route in menu nav links","highlights the active route in menu nav links","passed","51ms",,,"expect(6).toBe(6) passed (0s)
 expect(6).toBe(6) passed (0s)
  expect([""header-menu-nav-login""]).toEqual([""header-menu-nav-login""]) passed (0s)","canonical header.js — mobile burger menu","canonical header.js — mobile burger menu",,"autotests-ai-multistack-app,autotests-ai-multistack-app","canonical header.js — mobile burger menu",
"tests.e2e.HomeLayoutScreenshotTests.homeLayoutMatchesScreenshot","Home layout matches screenshot at 1280px","passed","5s 260ms",,,"Home layout panel is visible passed (286ms)
 Compare screenshot: home-layout-1280 passed (3ms)",,"Home layout screenshot",,"Home","Home layout",
"tests.e2e.HomeLayoutTests.homeLayoutIsMounted","Home shows embedded header and reference layout","passed","1s 101ms",,,"Open home page passed (284ms)
 Verify embedded header is mounted passed (251ms)
  Verify home layout is mounted passed (31ms)",,"Home layout mount",,"Home","Home layout",
"dev.multistack.app.config.JwtAuthFilterTest.ignoresInvalidBearerToken","ignores invalid bearer token","passed","5ms",,,,,"JwtAuthFilter",,"Authentication","JWT filter",
"dev.multistack.app.config.JwtAuthFilterTest.ignoresNonBearerAuthorizationHeader","ignores non-bearer authorization header","passed","3ms",,,,,"JwtAuthFilter",,"Authentication","JWT filter",
"dev.multistack.app.repository.FlywayMigrationTest.insertAssignsIdentityId","insert into the migrated schema assigns an identity id","passed","68ms",,,,,"Flyway schema on real PostgreSQL,slice",,"Persistence","Flyway schema",
"tests.e2e.SessionTests.invalidTokenClearsSession","Invalid token clears session and hides welcome","passed","3s 241ms",,,"Open home page with invalid local storage token passed (971ms)
 Verify home layout is mounted passed (714ms)
  Verify welcome panel stays hidden passed (292ms)
   Verify auth token was cleared from localStorage passed (265ms)",,"Session",,"Authentication","Session",
"dev.multistack.app.service.JwtServiceTest.isValidRejectsExpiredToken","isValid rejects expired token","passed","5ms",,,,,"JwtService",,"Authentication","JWT",
"dev.multistack.app.service.JwtServiceTest.isValidRejectsMalformedToken","isValid rejects malformed token","passed","1ms",,,,,"JwtService",,"Authentication","JWT",
"dev.multistack.app.service.JwtServiceTest.isValidRejectsTamperedToken","isValid rejects tampered token","passed","3ms",,,,,"JwtService",,"Authentication","JWT",
"tests.e2e.HomeErrorStateTests.itemsApiFailureShowsReadableError","Items API failure shows a readable error, not a blank page","passed","2s 587ms",,,"Mock: switch scenario items to state error passed (16ms)
 Open home page passed (1s 513ms)
  Verify home layout is mounted passed (78ms)
   Verify items panel shows a readable error: ✗ items: HTTP 500 passed (283ms)",,"Home error states (mock)",,"Home","Error states",
"frontend-typescript-react:src/test/lib/appBase.test.ts#appBase — mount precedence keeps a bare product mount when there is no backend prefix","keeps a bare product mount when there is no backend prefix","passed","2ms",,,"expect(""/stack/frontend-typescript-react"").toBe(""/stack/frontend-typescript-react"") passed (0s)
 expect(null).toBeNull() passed (0s)
  expect(""authToken"").toBe(""authToken"") passed (0s)
   expect(""/stack/frontend-typescript-react/js/header.js"").toBe(""/stack/frontend-typescript-react/js/header.js"") passed (0s)
    expect(""/api/health"").toBe(""/api/health"") passed (0s)","appBase — mount precedence","appBase — mount precedence",,"autotests-ai-multistack-app,autotests-ai-multistack-app","appBase — mount precedence",
"frontend-typescript-react:src/test/header-active-nav.test.ts#canonical header.js — active nav follows the route keeps aria-current on exactly one item after navigation","keeps aria-current on exactly one item after navigation","passed","65ms",,,"expect(6).toBe(6) passed (0s)
 expect(6).toBe(6) passed (0s)
  expect([""header-nav-register""]).toEqual([""header-nav-register""]) passed (0s)","canonical header.js — active nav follows the route","canonical header.js — active nav follows the route",,"autotests-ai-multistack-app,autotests-ai-multistack-app","canonical header.js — active nav follows the route",
"frontend-typescript-react:src/test/lib/stack-matrix.test.ts#stack-matrix selection keeps the path pair off the hub","keeps the path pair off the hub","passed","0s",,,"expect({""hub"":false,""backendId"":""backend-kotlin-spring"",""frontendId"":""frontend-typescript-vue""}).toEqual({""hub"":false,""backendId"":""backend-kotlin-spring"",""frontendId"":""frontend-typescript-vue""}) passed (0s)","stack-matrix selection","stack-matrix selection",,"autotests-ai-multistack-app,autotests-ai-multistack-app","stack-matrix selection",
"frontend-typescript-react:src/test/pages/HomePage.test.tsx#HomePage keeps the welcome panel hidden without a session token","keeps the welcome panel hidden without a session token","passed","148ms",,,"expect({""__reactFiber$lood1h7dxxq"":{""tag"":5,""key"":null,""elementType"":""div"",""type"":""div"",""stateNode"":""[Circular]"",""return"":""[Object]"",""child"":""[Object]"",""sibling"":null,... <truncated>).toBeInTheDocument() passed (0s)
 expect({""__reactFiber$lood1h7dxxq"":{""tag"":5,""key"":null,""elementType"":""div"",""type"":""div"",""stateNode"":""[Circular]"",""return"":""[Object]"",""child"":""[Object]"",""sibling"":null,... <truncated>).not.toBeVisible() passed (119ms)
  expect({""__reactFiber$lood1h7dxxq"":{""tag"":5,""key"":null,""elementType"":""div"",""type"":""div"",""stateNode"":""[Circular]"",""return"":""[Object]"",""child"":""[Object]"",""sibling"":null,... <truncated>).toBeInTheDocument() passed (0s)","HomePage","HomePage",,"autotests-ai-multistack-app,autotests-ai-multistack-app","HomePage",
"dev.multistack.app.service.ItemServiceTest.listItemsMapsRows","listItems maps repository rows to DTOs ordered by id","passed","90ms",,,,,"ItemService",,"Home","ItemService",
"dev.multistack.app.service.ItemServiceTest.listItemsReturnsEmptyWhenNoRows","listItems returns empty list when repository is empty","passed","2ms",,,,,"ItemService",,"Home","ItemService",
"tests.e2e.LoginFormTests.loginFormIsMounted","Login form fields and submit are visible","passed","702ms",,,"Open login page passed (259ms)
  Verify login form is mounted passed (84ms)
 Verify login form is mounted passed (39ms)
  Verify form title message: Login Form passed (17ms)",,"Login form mount",,"Authentication","Login form",
"tests.e2e.LoginScreenshotTests.loginFormMatchesScreenshot","Login form matches screenshot Login form matches screenshot at 1280px","passed","4s 43ms",,,"Open login page passed (1s 687ms)
  Verify login form is mounted passed (1s 303ms)
 Login form panel is visible passed (276ms)
  Compare screenshot: login-1280 passed (1ms)",,"Login,Login form screenshot","screenshot","Authentication","Login form",
"tests.e2e.LoginScreenshotTests.loginFormMatchesScreenshot","Login form matches screenshot Login form matches screenshot at 390px","passed","3s 975ms",,,"Open login page passed (1s 626ms)
  Verify login form is mounted passed (1s 268ms)
 Login form panel is visible passed (279ms)
  Compare screenshot: login-390 passed (0s)",,"Login,Login form screenshot","screenshot","Authentication","Login form",
"tests.e2e.LoginScreenshotTests.loginFormMatchesScreenshot","Login form matches screenshot Login form matches screenshot at 768px","passed","4s 162ms",,,"Open login page passed (1s 723ms)
  Verify login form is mounted passed (1s 328ms)
 Login form panel is visible passed (290ms)
  Compare screenshot: login-768 passed (0s)",,"Login,Login form screenshot","screenshot","Authentication","Login form",
"frontend-typescript-react:src/test/lib/auth.test.ts#network failures login maps a failed fetch to the network error copy","login maps a failed fetch to the network error copy","passed","4ms",,,"expect({""name"":""Error"",""message"":""""}).toMatchObject({""network"":true}) passed (1ms)
 expect(""Network error. Check your connection and try again."").toBe(""Network error. Check your connection and try again."") passed (0s)","network failures","network failures",,"autotests-ai-multistack-app,autotests-ai-multistack-app","network failures",
"dev.multistack.app.service.AuthServiceTest.loginUnknownUser","login rejects unknown username","passed","2ms",,,,,"AuthService",,"Authentication","AuthService",
"dev.multistack.app.service.AuthServiceTest.loginWrongPassword","login rejects wrong password","passed","3ms",,,,,"AuthService",,"Authentication","AuthService",
"dev.multistack.app.service.AuthServiceTest.loginWithValidCredentials","login returns token for valid credentials","passed","3ms",,,,,"AuthService",,"Authentication","AuthService",
"frontend-typescript-react:src/test/lib/auth.test.ts#network failures logout clears the stored token even when the API call fails","logout clears the stored token even when the API call fails","passed","1ms",,,"expect(null).toBeNull() passed (0s)
 expect(null).toBeNull() passed (0s)","network failures","network failures",,"autotests-ai-multistack-app,autotests-ai-multistack-app","network failures",
"frontend-typescript-react:src/test/lib/auth.test.ts#network failures logout sends POST /auth/logout with the bearer token","logout sends POST /auth/logout with the bearer token","passed","3ms",,,"expect([Function Mock]).toHaveBeenCalledTimes(1) passed (0s)
 expect([Function Mock]).toHaveBeenCalledWith(""/api/auth/logout"", {""method"":""POST"",""headers"":{""Authorization"":""Bearer token-123""}}) passed (2ms)
  expect(null).toBeNull() passed (0s)","network failures","network failures",,"autotests-ai-multistack-app,autotests-ai-multistack-app","network failures",
"frontend-typescript-react:src/test/pages/HomePage.test.tsx#HomePage logs out and navigates to login","logs out and navigates to login","passed","59ms",,,"expect({""__reactFiber$lood1h7dxxq"":{""tag"":5,""key"":null,""elementType"":""div"",""type"":""div"",""stateNode"":""[Circular]"",""return"":""[Object]"",""child"":""[Object]"",""sibling"":null,... <truncated>).toBeInTheDocument() passed (0s)
 expect({""__reactFiber$lood1h7dxxq"":{""tag"":5,""key"":null,""elementType"":""div"",""type"":""div"",""stateNode"":""[Circular]"",""return"":""[Object]"",""child"":null,""sibling"":null,""index... <truncated>).toBeInTheDocument() passed (0s)
  expect(null).toBeNull() passed (0s)","HomePage","HomePage",,"autotests-ai-multistack-app,autotests-ai-multistack-app","HomePage",
"frontend-typescript-react:src/test/header-active-nav.test.ts#canonical header.js — host-match env switchers marks the host-match item active when hostname matches","marks the host-match item active when hostname matches","passed","63ms",,,"expect(6).toBe(6) passed (0s)
 expect(6).toBe(6) passed (0s)
  expect({}).not.toBeNull() passed (0s)
   expect(true).toBe(true) passed (0s)
    expect(""true"").toBe(""true"") passed (0s)
     expect([""header-nav-home"",""header-nav-here""]).toEqual([""header-nav-home"",""header-nav-here""]) passed (0s)","canonical header.js — host-match env switchers","canonical header.js — host-match env switchers",,"autotests-ai-multistack-app,autotests-ai-multistack-app","canonical header.js — host-match env switchers",
"dev.multistack.app.repository.FlywayMigrationTest.migrationsSeedItems","migrations apply and seed the items catalogue (V1)","passed","179ms",,,,,"Flyway schema on real PostgreSQL,slice",,"Persistence","Flyway schema",
"frontend-typescript-react:src/test/lib/appBase.test.ts#appBase — mount precedence mounts at the document root when the path carries no mount at all","mounts at the document root when the path carries no mount at all","passed","1ms",,,"expect("""").toBe("""") passed (0s)
 expect(null).toBeNull() passed (0s)
  expect(""authToken"").toBe(""authToken"") passed (1ms)
   expect(""/"").toBe(""/"") passed (0s)
    expect(""/js/header.js"").toBe(""/js/header.js"") passed (0s)
     expect(""/api/health"").toBe(""/api/health"") passed (0s)","appBase — mount precedence","appBase — mount precedence",,"autotests-ai-multistack-app,autotests-ai-multistack-app","appBase — mount precedence",
"frontend-typescript-react:src/test/App.test.tsx#App mounts the header slot and routes / to the home page","mounts the header slot and routes / to the home page","passed","117ms",,,"expect({""__reactFiber$hv82ns7i1j"":{""tag"":5,""key"":null,""elementType"":""div"",""type"":""div"",""stateNode"":""[Circular]"",""return"":""[Object]"",""child"":null,""sibling"":null,""index""... <truncated>).toBeInTheDocument() passed (1ms)
 expect({""__reactFiber$hv82ns7i1j"":{""tag"":5,""key"":null,""elementType"":""main"",""type"":""main"",""stateNode"":""[Circular]"",""return"":""[Object]"",""child"":""[Object]"",""sibling"":null... <truncated>).toBeInTheDocument() passed (0s)
  expect({""__reactFiber$hv82ns7i1j"":{""tag"":5,""key"":null,""elementType"":""div"",""type"":""div"",""stateNode"":""[Circular]"",""return"":""[Object]"",""child"":""[Object]"",""sibling"":null,""... <truncated>).toHaveTextContent(""No items found."") failed (6ms)
   expect({""__reactFiber$hv82ns7i1j"":{""tag"":5,""key"":null,""elementType"":""div"",""type"":""div"",""stateNode"":""[Circular]"",""return"":""[Object]"",""child"":""[Object]"",""sibling"":null,""... <truncated>).toHaveTextContent(""No items found."") passed (1ms)","App","App",,"autotests-ai-multistack-app,autotests-ai-multistack-app","App",
"frontend-typescript-react:src/test/pages/LoginPage.test.tsx#LoginPage mounts the login form with canonical title and controls","mounts the login form with canonical title and controls","passed","63ms",,,"expect({""__reactFiber$66u28fiop1"":{""tag"":5,""key"":null,""elementType"":""div"",""type"":""div"",""stateNode"":""[Circular]"",""return"":""[Object]"",""child"":""[Object]"",""sibling"":null,""... <truncated>).toBeInTheDocument() passed (1ms)
 expect({""__reactFiber$66u28fiop1"":{""tag"":5,""key"":null,""elementType"":""span"",""type"":""span"",""stateNode"":""[Circular]"",""return"":""[Object]"",""child"":null,""sibling"":null,""inde... <truncated>).toHaveTextContent(""Login Form"") passed (1ms)
  expect({""__reactFiber$66u28fiop1"":{""tag"":5,""key"":null,""elementType"":""input"",""type"":""input"",""stateNode"":""[Circular]"",""return"":""[Object]"",""child"":null,""sibling"":null,""in... <truncated>).toBeInTheDocument() passed (0s)
   expect({""__reactFiber$66u28fiop1"":{""tag"":5,""key"":null,""elementType"":""input"",""type"":""input"",""stateNode"":""[Circular]"",""return"":""[Object]"",""child"":null,""sibling"":null,""in... <truncated>).toHaveAttribute(""name"", ""username"") passed (1ms)
    expect({""__reactFiber$66u28fiop1"":{""tag"":5,""key"":null,""elementType"":""input"",""type"":""input"",""stateNode"":""[Circular]"",""return"":""[Object]"",""child"":null,""sibling"":null,""in... <truncated>).toBeInTheDocument() passed (0s)
     expect({""__reactFiber$66u28fiop1"":{""tag"":5,""key"":null,""elementType"":""input"",""type"":""input"",""stateNode"":""[Circular]"",""return"":""[Object]"",""child"":null,""sibling"":null,""in... <truncated>).toHaveAttribute(""name"", ""password"") passed (0s)
      expect({""__reactFiber$66u28fiop1"":{""tag"":5,""key"":null,""elementType"":""button"",""type"":""button"",""stateNode"":""[Circular]"",""return"":""[Object]"",""child"":null,""sibling"":null,""... <truncated>).toHaveTextContent(""Login"") passed (0s)
       expect({""__reactFiber$66u28fiop1"":{""tag"":5,""key"":null,""elementType"":""a"",""type"":""a"",""stateNode"":""[Circular]"",""return"":""[Object]"",""child"":null,""sibling"":null,""index"":0,""... <truncated>).toBeInTheDocument() passed (0s)","LoginPage","LoginPage",,"autotests-ai-multistack-app,autotests-ai-multistack-app","LoginPage",
"frontend-typescript-react:src/test/pages/RegisterPage.test.tsx#RegisterPage mounts the register form with canonical title and controls","mounts the register form with canonical title and controls","passed","85ms",,,"expect({""__reactFiber$pe2ohv5qql"":{""tag"":5,""key"":null,""elementType"":""div"",""type"":""div"",""stateNode"":""[Circular]"",""return"":""[Object]"",""child"":""[Object]"",""sibling"":null,""... <truncated>).toBeInTheDocument() passed (1ms)
 expect({""__reactFiber$pe2ohv5qql"":{""tag"":5,""key"":null,""elementType"":""span"",""type"":""span"",""stateNode"":""[Circular]"",""return"":""[Object]"",""child"":null,""sibling"":null,""inde... <truncated>).toHaveTextContent(""Register"") passed (0s)
  expect({""__reactFiber$pe2ohv5qql"":{""tag"":5,""key"":null,""elementType"":""input"",""type"":""input"",""stateNode"":""[Circular]"",""return"":""[Object]"",""child"":null,""sibling"":null,""in... <truncated>).toBeInTheDocument() passed (0s)
   expect({""__reactFiber$pe2ohv5qql"":{""tag"":5,""key"":null,""elementType"":""input"",""type"":""input"",""stateNode"":""[Circular]"",""return"":""[Object]"",""child"":null,""sibling"":null,""in... <truncated>).toBeInTheDocument() passed (1ms)
    expect({""__reactFiber$pe2ohv5qql"":{""tag"":5,""key"":null,""elementType"":""input"",""type"":""input"",""stateNode"":""[Circular]"",""return"":""[Object]"",""child"":null,""sibling"":null,""in... <truncated>).toBeInTheDocument() passed (0s)
     expect({""__reactFiber$pe2ohv5qql"":{""tag"":5,""key"":null,""elementType"":""button"",""type"":""button"",""stateNode"":""[Circular]"",""return"":""[Object]"",""child"":null,""sibling"":null,""... <truncated>).toHaveTextContent(""Register"") passed (0s)
      expect({""__reactFiber$pe2ohv5qql"":{""tag"":5,""key"":null,""elementType"":""a"",""type"":""a"",""stateNode"":""[Circular]"",""return"":""[Object]"",""child"":null,""sibling"":null,""index"":0,""... <truncated>).toBeInTheDocument() passed (0s)","RegisterPage","RegisterPage",,"autotests-ai-multistack-app,autotests-ai-multistack-app","RegisterPage",
"frontend-typescript-react:src/test/lib/auth.test.ts#deleteAccount never calls the logout endpoint","never calls the logout endpoint","passed","1ms",,,"expect([""/api/auth/me""]).toEqual([""/api/auth/me""]) passed (0s)","deleteAccount","deleteAccount",,"autotests-ai-multistack-app,autotests-ai-multistack-app","deleteAccount",
"frontend-typescript-react:src/test/lib/stack-matrix.test.ts#stack-matrix selection never emits a bare /stack/login — fills the CI default pair","never emits a bare /stack/login — fills the CI default pair","passed","1ms",,,"expect(""/stack/backend-java-spring/frontend-typescript-react/login"").toBe(""/stack/backend-java-spring/frontend-typescript-react/login"") passed (0s)
 expect(""/stack/backend-java-spring/frontend-typescript-react/"").toBe(""/stack/backend-java-spring/frontend-typescript-react/"") passed (0s)","stack-matrix selection","stack-matrix selection",,"autotests-ai-multistack-app,autotests-ai-multistack-app","stack-matrix selection",
"tests.e2e.RegisterTests.shouldRegisterNewUser","New user can register and land on home","passed","7s 99ms",,,"Open register page passed (378ms)
 Fill and submit register form passed (4s 160ms)
   Type username: efrenwyman_879164 passed (1s 287ms)
   Type password passed (1s 31ms)
   Type confirm password passed (982ms)
   Submit register form passed (859ms)
  Verify welcome message: Welcome, efrenwyman_879164! passed (742ms)",,"Register",,"Authentication","Register",
"dev.multistack.app.config.SecurityChainTest.nonApiDenied","non-API paths are denied","passed","7ms",,,,,"Security chain with real JWT filter,slice",,"Security","Security chain",
"frontend-typescript-react:src/test/lib/appBase.test.ts#appBase — mount precedence normalizes relative paths for appPath and apiUrl","normalizes relative paths for appPath and apiUrl","passed","1ms",,,"expect(""/stack/backend-java-spring/frontend-typescript-react/js/header.js"").toBe(""/stack/backend-java-spring/frontend-typescript-react/js/header.js"") passed (0s)
 expect(""/stack/backend-java-spring/api/health"").toBe(""/stack/backend-java-spring/api/health"") passed (0s)
  expect(""/stack/backend-java-spring/api"").toBe(""/stack/backend-java-spring/api"") passed (0s)","appBase — mount precedence","appBase — mount precedence",,"autotests-ai-multistack-app,autotests-ai-multistack-app","appBase — mount precedence",
"tests.e2e.HomeTests.pageLoadFetchesItems","Page load fetches health and items from API","passed","3s 26ms",,,"Open home page passed (393ms)
 Verify home layout is mounted passed (723ms)
  Verify health status contains: service: backend-java-spring passed (463ms)
   Verify items list contains: Alpha passed (409ms)",,"Home",,"Home","Home load",
"frontend-typescript-react:src/test/lib/auth.test.ts#validateCredentials passes for valid credentials","passes for valid credentials","passed","0s",,,"expect(null).toBeNull() passed (0s)","validateCredentials","validateCredentials",,"autotests-ai-multistack-app,autotests-ai-multistack-app","validateCredentials",
"dev.multistack.app.config.JwtAuthFilterTest.passesThroughWithoutAuthorizationHeader","passes through when Authorization header is missing","passed","4ms",,,,,"JwtAuthFilter",,"Authentication","JWT filter",
"tests.e2e.RegisterTests.shouldShowErrorWhenPasswordsDoNotMatch","Password mismatch shows validation error","passed","6s 292ms",,,"Open register page passed (389ms)
 Type username: newuser passed (1s 258ms)
  Type password passed (1s 33ms)
   Type confirm password passed (1s 39ms)
    Submit register form expecting validation or API error passed (876ms)
     Verify error message: Passwords do not match passed (698ms)",,"Register",,"Authentication","Register",
"dev.multistack.app.controller.AuthControllerTest.loginInvalidCredentials","POST /api/auth/login maps invalid credentials to 401","passed","8ms",,,,,"AuthController,slice",,"Authentication","AuthController",
"dev.multistack.app.controller.AuthControllerTest.loginRejectsBlankCredentials","POST /api/auth/login rejects blank credentials with 400 joining both field errors","passed","17ms",,,,,"AuthController,slice",,"Authentication","AuthController",
"dev.multistack.app.controller.AuthControllerTest.loginReturnsOk","POST /api/auth/login returns 200","passed","7ms",,,,,"AuthController,slice",,"Authentication","AuthController",
"dev.multistack.app.controller.AuthControllerTest.logoutReturnsNoContent","POST /api/auth/logout returns 204","passed","6ms",,,,,"AuthController,slice",,"Authentication","AuthController",
"dev.multistack.app.controller.AuthControllerTest.registerDuplicateUsername","POST /api/auth/register maps duplicate username to 409","passed","12ms",,,,,"AuthController,slice",,"Authentication","AuthController",
"dev.multistack.app.controller.AuthControllerTest.registerRejectsUnreadableBody","POST /api/auth/register rejects an unreadable body with 400","passed","8ms",,,,,"AuthController,slice",,"Authentication","AuthController",
"dev.multistack.app.controller.AuthControllerTest.registerRejectsShortPassword","POST /api/auth/register rejects short password with 400 and a field message","passed","209ms",,,,,"AuthController,slice",,"Authentication","AuthController",
"dev.multistack.app.controller.AuthControllerTest.registerReturnsCreated","POST /api/auth/register returns 201","passed","11ms",,,,,"AuthController,slice",,"Authentication","AuthController",
"dev.multistack.app.service.AuthServiceTest.profileUnknownUser","profile rejects unknown username","passed","2ms",,,,,"AuthService",,"Authentication","AuthService",
"dev.multistack.app.service.AuthServiceTest.profileForExistingUser","profile returns username for existing user","passed","1ms",,,,,"AuthService",,"Authentication","AuthService",
"frontend-typescript-react:src/test/header-active-nav.test.ts#canonical header.js — active nav follows the route re-syncs on popstate (browser back/forward)","re-syncs on popstate (browser back/forward)","passed","91ms",,,"expect(6).toBe(6) passed (0s)
 expect(6).toBe(6) passed (0s)
  expect([""header-nav-register""]).toEqual([""header-nav-register""]) passed (0s)
   expect([""header-nav-register""]).toEqual([""header-nav-register""]) passed (0s)","canonical header.js — active nav follows the route","canonical header.js — active nav follows the route",,"autotests-ai-multistack-app,autotests-ai-multistack-app","canonical header.js — active nav follows the route",
"frontend-typescript-react:src/test/header-active-nav.test.ts#canonical header.js — active nav follows the route re-syncs on SPA pushState (in-form Register → Login link)","re-syncs on SPA pushState (in-form Register → Login link)","passed","55ms",,,"expect(6).toBe(6) passed (0s)
 expect(6).toBe(6) passed (0s)
  expect([""header-nav-register""]).toEqual([""header-nav-register""]) passed (0s)
   expect([""header-nav-login""]).toEqual([""header-nav-login""]) passed (0s)
    expect([""header-nav-login""]).toEqual([""header-nav-login""]) passed (0s)","canonical header.js — active nav follows the route","canonical header.js — active nav follows the route",,"autotests-ai-multistack-app,autotests-ai-multistack-app","canonical header.js — active nav follows the route",
"frontend-typescript-react:src/test/lib/stack-matrix.test.ts#stack-matrix selection reads hub selection from query params","reads hub selection from query params","passed","2ms",,,"expect({""backendId"":""backend-python-flask"",""frontendId"":""frontend-javascript-vue""}).toEqual({""backendId"":""backend-python-flask"",""frontendId"":""frontend-javascript-vue""}) passed (0s)
 expect({""hub"":true,""backendId"":""backend-python-flask"",""frontendId"":""frontend-javascript-vue""}).toEqual({""hub"":true,""backendId"":""backend-python-flask"",""frontendId"":""frontend-javascript-vue""}) passed (0s)","stack-matrix selection","stack-matrix selection",,"autotests-ai-multistack-app,autotests-ai-multistack-app","stack-matrix selection",
"frontend-typescript-react:src/test/pages/RegisterPage.test.tsx#RegisterPage redirects home when a session token is already present","redirects home when a session token is already present","passed","14ms",,,"expect({""__reactFiber$pe2ohv5qql"":{""tag"":5,""key"":null,""elementType"":""div"",""type"":""div"",""stateNode"":""[Circular]"",""return"":""[Object]"",""child"":null,""sibling"":null,""index""... <truncated>).toBeInTheDocument() passed (0s)","RegisterPage","RegisterPage",,"autotests-ai-multistack-app,autotests-ai-multistack-app","RegisterPage",
"frontend-typescript-react:src/test/pages/LoginPage.test.tsx#LoginPage redirects home when a session token is already present","redirects home when a session token is already present","passed","14ms",,,"expect({""__reactFiber$66u28fiop1"":{""tag"":5,""key"":null,""elementType"":""div"",""type"":""div"",""stateNode"":""[Circular]"",""return"":""[Object]"",""child"":null,""sibling"":null,""index""... <truncated>).toBeInTheDocument() passed (0s)","LoginPage","LoginPage",,"autotests-ai-multistack-app,autotests-ai-multistack-app","LoginPage",
"frontend-typescript-react:src/test/lib/auth.test.ts#fetchProfile refuses to call the API without a token","refuses to call the API without a token","passed","2ms",,,"expect([Function]).toThrow(""Missing auth token"") passed (1ms)","fetchProfile","fetchProfile",,"autotests-ai-multistack-app,autotests-ai-multistack-app","fetchProfile",
"dev.multistack.app.integration.AuthLifecycleIntegrationTest.accountLifecycleRoundTrip","register → login → me → logout (stateless: token survives) → delete → me is 401","passed","454ms",,,,,"Auth account lifecycle in-process",,"Authentication","Account lifecycle",
"tests.e2e.RegisterFormTests.registerFormIsMounted","Register form fields and submit are visible","passed","1s 922ms",,,"Open register page passed (815ms)
 Verify register form is mounted passed (366ms)
  Verify form title message: Register passed (18ms)",,"Register form mount",,"Authentication","Register form",
"dev.multistack.app.service.AuthServiceTest.registerLosesUniqueConstraintRace","register maps a lost unique-constraint race to 409","passed","3ms",,,,,"AuthService",,"Authentication","AuthService",
"dev.multistack.app.service.AuthServiceTest.registerDuplicateUsername","register rejects duplicate username","passed","2ms",,,,,"AuthService",,"Authentication","AuthService",
"dev.multistack.app.service.AuthServiceTest.registerCreatesUser","register saves user and returns auth response","passed","4ms",,,,,"AuthService",,"Authentication","AuthService",
"frontend-typescript-react:src/test/pwa/registerServiceWorker.test.ts#registerServiceWorker registers /sw.js immediately via DS primitive in production","registers /sw.js immediately via DS primitive in production","passed","7ms",,,"expect([Function Mock]).toHaveBeenCalledWith(""/sw.js"") passed (1ms)
 expect([Function Mock]).toHaveBeenCalledWith(""controllerchange"", expect.any(Function)) passed (1ms)
  expect([Function Mock]).toHaveBeenCalled() passed (0s)","registerServiceWorker","registerServiceWorker",,"autotests-ai-multistack-app,autotests-ai-multistack-app","registerServiceWorker",
"frontend-typescript-react:src/test/pwa/pwa-register.test.ts#pwa-register controllerchange reload reloads at most once per registration","reloads at most once per registration","passed","1ms",,,"expect([Function Mock]).toHaveBeenCalledTimes(1) passed (0s)","pwa-register controllerchange reload","pwa-register controllerchange reload",,"autotests-ai-multistack-app,autotests-ai-multistack-app","pwa-register controllerchange reload",
"frontend-typescript-react:src/test/pwa/pwa-register.test.ts#pwa-register controllerchange reload reloads when an existing controller is replaced","reloads when an existing controller is replaced","passed","1ms",,,"expect([Function Mock]).toHaveBeenCalledTimes(1) passed (0s)","pwa-register controllerchange reload","pwa-register controllerchange reload",,"autotests-ai-multistack-app,autotests-ai-multistack-app","pwa-register controllerchange reload",
"frontend-typescript-react:src/test/pages/HomePage.test.tsx#HomePage renders the reference layout with health and items from the API","renders the reference layout with health and items from the API","passed","89ms",,,"expect({""__reactFiber$lood1h7dxxq"":{""tag"":5,""key"":null,""elementType"":""main"",""type"":""main"",""stateNode"":""[Circular]"",""return"":""[Object]"",""child"":""[Object]"",""sibling"":nul... <truncated>).toBeInTheDocument() passed (1ms)
 expect({""__reactFiber$lood1h7dxxq"":{""tag"":5,""key"":null,""elementType"":""p"",""type"":""p"",""stateNode"":""[Circular]"",""return"":""[Object]"",""child"":null,""sibling"":null,""index"":0,... <truncated>).toHaveTextContent(""→ UP | service: backend-java-spring | frontend: frontend-typescript-react"") failed (6ms)
  expect({""__reactFiber$lood1h7dxxq"":{""tag"":5,""key"":null,""elementType"":""p"",""type"":""p"",""stateNode"":""[Circular]"",""return"":""[Object]"",""child"":null,""sibling"":null,""index"":0,... <truncated>).toHaveTextContent(""→ UP | service: backend-java-spring | frontend: frontend-typescript-react"") passed (0s)
   expect({""__reactFiber$lood1h7dxxq"":{""tag"":5,""key"":null,""elementType"":""div"",""type"":""div"",""stateNode"":""[Circular]"",""return"":""[Object]"",""child"":""[Object]"",""sibling"":null,... <truncated>).toHaveTextContent(""Alpha"") passed (0s)","HomePage","HomePage",,"autotests-ai-multistack-app,autotests-ai-multistack-app","HomePage",
"frontend-typescript-react:src/test/lib/auth.test.ts#validateCredentials requires both when empty","requires both when empty","passed","8ms",,,"expect(""Login and password are required (minimum 3 and 6 characters)"").toBe(""Login and password are required (minimum 3 and 6 characters)"") passed (0s)","validateCredentials","validateCredentials",,"autotests-ai-multistack-app,autotests-ai-multistack-app","validateCredentials",
"frontend-typescript-react:src/test/lib/auth.test.ts#validateCredentials requires login","requires login","passed","1ms",,,"expect(""Login is required (minimum 3 characters)"").toBe(""Login is required (minimum 3 characters)"") passed (0s)","validateCredentials","validateCredentials",,"autotests-ai-multistack-app,autotests-ai-multistack-app","validateCredentials",
"frontend-typescript-react:src/test/lib/auth.test.ts#validateCredentials requires password","requires password","passed","0s",,,"expect(""Password is required (minimum 6 characters)"").toBe(""Password is required (minimum 6 characters)"") passed (0s)","validateCredentials","validateCredentials",,"autotests-ai-multistack-app,autotests-ai-multistack-app","validateCredentials",
"frontend-typescript-react:src/test/lib/auth.test.ts#network failures resolveAuthErrorMessage prefers the API message and falls back last","resolveAuthErrorMessage prefers the API message and falls back last","passed","1ms",,,"expect(""Wrong login or password"").toBe(""Wrong login or password"") passed (0s)
 expect(""fb"").toBe(""fb"") passed (0s)
  expect(""fb"").toBe(""fb"") passed (0s)","network failures","network failures",,"autotests-ai-multistack-app,autotests-ai-multistack-app","network failures",
"frontend-typescript-react:src/test/header-active-nav.test.ts#canonical header.js — host-match env switchers rewrites Stage/Prod hrefs to the current path without stealing page active","rewrites Stage/Prod hrefs to the current path without stealing page active","passed","58ms",,,"expect(6).toBe(6) passed (0s)
 expect(6).toBe(6) passed (0s)
  expect([""header-nav-login""]).toEqual([""header-nav-login""]) passed (0s)
   expect([""header-nav-login""]).toEqual([""header-nav-login""]) passed (0s)
    expect(""https://stage.autotests.ai/frontend-typescript-react/login"").toBe(""https://stage.autotests.ai/frontend-typescript-react/login"") passed (0s)
     expect(""https://autotests.ai/frontend-typescript-react/login"").toBe(""https://autotests.ai/frontend-typescript-react/login"") passed (0s)
      expect(false).toBe(false) passed (0s)
       expect(false).toBe(false) passed (0s)","canonical header.js — host-match env switchers","canonical header.js — host-match env switchers",,"autotests-ai-multistack-app,autotests-ai-multistack-app","canonical header.js — host-match env switchers",
"frontend-typescript-react:src/test/App.test.tsx#App routes /login to the login form","routes /login to the login form","passed","20ms",,,"expect({""__reactFiber$hv82ns7i1j"":{""tag"":5,""key"":null,""elementType"":""span"",""type"":""span"",""stateNode"":""[Circular]"",""return"":""[Object]"",""child"":null,""sibling"":null,""inde... <truncated>).toHaveTextContent(""Login Form"") passed (0s)","App","App",,"autotests-ai-multistack-app,autotests-ai-multistack-app","App",
"frontend-typescript-react:src/test/App.test.tsx#App routes /register to the register form","routes /register to the register form","passed","12ms",,,"expect({""__reactFiber$hv82ns7i1j"":{""tag"":5,""key"":null,""elementType"":""span"",""type"":""span"",""stateNode"":""[Circular]"",""return"":""[Object]"",""child"":null,""sibling"":null,""inde... <truncated>).toHaveTextContent(""Register"") passed (0s)","App","App",,"autotests-ai-multistack-app,autotests-ai-multistack-app","App",
"dev.multistack.app.config.CorsConfigTest.sameHostUsesServerName","sameHost falls back to server name when Host header is absent","passed","2ms",,,,,"CorsConfig",,"Security","CORS",
"dev.multistack.app.config.CorsConfigTest.sameHostFallsBackWhenHostHeaderBlank","sameHost falls back to server name when Host header is blank","passed","1s 519ms",,,,,"CorsConfig",,"Security","CORS",
"dev.multistack.app.config.CorsConfigTest.sameHostUsesHostHeader","sameHost matches Origin host to the Host header","passed","2ms",,,,,"CorsConfig",,"Security","CORS",
"dev.multistack.app.config.CorsConfigTest.sameHostRejectsInvalidOrigin","sameHost rejects malformed and host-less origins","passed","4ms",,,,,"CorsConfig",,"Security","CORS",
"frontend-typescript-react:src/test/lib/appBase.test.ts#appBase — mount precedence scopes auth token keys per backend and shares them across frontends","scopes auth token keys per backend and shares them across frontends","passed","2ms",,,"expect(""authToken:backend-java-spring"").toBe(""authToken:backend-java-spring"") passed (0s)
 expect(""authToken:backend-python-fastapi"").toBe(""authToken:backend-python-fastapi"") passed (1ms)
  expect(""authToken:backend-python-fastapi"").toBe(""authToken:backend-python-fastapi"") passed (0s)","appBase — mount precedence","appBase — mount precedence",,"autotests-ai-multistack-app,autotests-ai-multistack-app","appBase — mount precedence",
"frontend-typescript-react:src/test/lib/auth.test.ts#deleteAccount sends DELETE /auth/me with the bearer token and clears the session","sends DELETE /auth/me with the bearer token and clears the session","passed","1ms",,,"expect([Function Mock]).toHaveBeenCalledTimes(1) passed (0s)
 expect([Function Mock]).toHaveBeenCalledWith(""/api/auth/me"", {""method"":""DELETE"",""headers"":{""Authorization"":""Bearer token-123""}}) passed (0s)
  expect(null).toBeNull() passed (0s)","deleteAccount","deleteAccount",,"autotests-ai-multistack-app,autotests-ai-multistack-app","deleteAccount",
"tests.e2e.SessionTests.sessionSurvivesReload","Session survives a page reload (token in localStorage)","passed","4s 185ms",,,"Open home page with local storage authentication passed (1s 401ms)
  API: login as user1 passed (425ms)
 Verify welcome message: Welcome, user1! passed (893ms)
  Reload current page passed (158ms)
   Verify welcome message: Welcome, user1! passed (708ms)",,"Session",,"Authentication","Session",
"dev.multistack.app.config.JwtAuthFilterTest.setsAuthenticationForValidBearerToken","sets authentication for valid bearer token","passed","262ms",,,,,"JwtAuthFilter",,"Authentication","JWT filter",
"tests.e2e.RegisterTests.shouldShowErrorWhenPasswordIsTooShort","Short password shows validation error","passed","6s 333ms",,,"Open register page passed (393ms)
 Type username: newuser passed (1s 159ms)
  Type password passed (1s 21ms)
   Type confirm password passed (1s 25ms)
    Submit register form expecting validation or API error passed (1s 32ms)
     Verify error message: Password must be at least 6 characters passed (700ms)",,"Register",,"Authentication","Register",
"frontend-typescript-react:src/test/pages/LoginPage.test.tsx#LoginPage shows API error message for wrong credentials","shows API error message for wrong credentials","passed","191ms",,,"expect({""__reactFiber$66u28fiop1"":{""tag"":5,""key"":null,""elementType"":""p"",""type"":""p"",""stateNode"":""[Circular]"",""return"":""[Object]"",""child"":null,""sibling"":""[Object]"",""inde... <truncated>).toHaveTextContent(""Wrong login or password"") passed (0s)
 expect(null).toBeNull() passed (0s)","LoginPage","LoginPage",,"autotests-ai-multistack-app,autotests-ai-multistack-app","LoginPage",
"frontend-typescript-react:src/test/pages/RegisterPage.test.tsx#RegisterPage shows API error when username is already taken","shows API error when username is already taken","passed","232ms",,,"expect({""__reactFiber$pe2ohv5qql"":{""tag"":5,""key"":null,""elementType"":""p"",""type"":""p"",""stateNode"":""[Circular]"",""return"":""[Object]"",""child"":null,""sibling"":""[Object]"",""inde... <truncated>).toHaveTextContent(""Username already taken"") passed (0s)
 expect(null).toBeNull() passed (0s)","RegisterPage","RegisterPage",,"autotests-ai-multistack-app,autotests-ai-multistack-app","RegisterPage",
"frontend-typescript-react:src/test/pages/HomePage.test.tsx#HomePage shows empty items state when API returns no rows","shows empty items state when API returns no rows","passed","13ms",,,"expect({""__reactFiber$lood1h7dxxq"":{""tag"":5,""key"":null,""elementType"":""div"",""type"":""div"",""stateNode"":""[Circular]"",""return"":""[Object]"",""child"":""[Object]"",""sibling"":null,... <truncated>).toBeInTheDocument() passed (0s)
 expect({""__reactFiber$lood1h7dxxq"":{""tag"":5,""key"":null,""elementType"":""div"",""type"":""div"",""stateNode"":""[Circular]"",""return"":""[Object]"",""child"":""[Object]"",""sibling"":null,... <truncated>).toHaveTextContent(""No items found."") failed (0s)
  expect({""__reactFiber$lood1h7dxxq"":{""tag"":5,""key"":null,""elementType"":""div"",""type"":""div"",""stateNode"":""[Circular]"",""return"":""[Object]"",""child"":""[Object]"",""sibling"":null,... <truncated>).toHaveTextContent(""No items found."") passed (0s)","HomePage","HomePage",,"autotests-ai-multistack-app,autotests-ai-multistack-app","HomePage",
"frontend-typescript-react:src/test/pages/HomePage.test.tsx#HomePage shows health error state when health API fails","shows health error state when health API fails","passed","23ms",,,"expect({""__reactFiber$lood1h7dxxq"":{""tag"":5,""key"":null,""elementType"":""div"",""type"":""div"",""stateNode"":""[Circular]"",""return"":""[Object]"",""child"":""[Object]"",""sibling"":null,... <truncated>).toBeInTheDocument() passed (0s)
 expect({""__reactFiber$lood1h7dxxq"":{""tag"":5,""key"":null,""elementType"":""p"",""type"":""p"",""stateNode"":""[Circular]"",""return"":""[Object]"",""child"":null,""sibling"":null,""index"":0,... <truncated>).toHaveTextContent(""✗ health: HTTP 500"") failed (1ms)
  expect({""__reactFiber$lood1h7dxxq"":{""tag"":5,""key"":null,""elementType"":""p"",""type"":""p"",""stateNode"":""[Circular]"",""return"":""[Object]"",""child"":null,""sibling"":null,""index"":0,... <truncated>).toHaveTextContent(""✗ health: HTTP 500"") passed (0s)","HomePage","HomePage",,"autotests-ai-multistack-app,autotests-ai-multistack-app","HomePage",
"frontend-typescript-react:src/test/pages/HomePage.test.tsx#HomePage shows items error state when items API fails","shows items error state when items API fails","passed","17ms",,,"expect({""__reactFiber$lood1h7dxxq"":{""tag"":5,""key"":null,""elementType"":""div"",""type"":""div"",""stateNode"":""[Circular]"",""return"":""[Object]"",""child"":""[Object]"",""sibling"":null,... <truncated>).toBeInTheDocument() passed (0s)
 expect({""__reactFiber$lood1h7dxxq"":{""tag"":5,""key"":null,""elementType"":""div"",""type"":""div"",""stateNode"":""[Circular]"",""return"":""[Object]"",""child"":""[Object]"",""sibling"":null,... <truncated>).toHaveTextContent(""✗ items: HTTP 500"") failed (1ms)
  expect({""__reactFiber$lood1h7dxxq"":{""tag"":5,""key"":null,""elementType"":""div"",""type"":""div"",""stateNode"":""[Circular]"",""return"":""[Object]"",""child"":""[Object]"",""sibling"":null,... <truncated>).toHaveTextContent(""✗ items: HTTP 500"") passed (0s)","HomePage","HomePage",,"autotests-ai-multistack-app,autotests-ai-multistack-app","HomePage",
"frontend-typescript-react:src/test/pages/LoginPage.test.tsx#LoginPage shows the exact login-required error when username is empty","shows the exact login-required error when username is empty","passed","254ms",,,"expect({""__reactFiber$66u28fiop1"":{""tag"":5,""key"":null,""elementType"":""p"",""type"":""p"",""stateNode"":""[Circular]"",""return"":""[Object]"",""child"":null,""sibling"":""[Object]"",""inde... <truncated>).toHaveTextContent(""Login is required (minimum 3 characters)"") passed (0s)","LoginPage","LoginPage",,"autotests-ai-multistack-app,autotests-ai-multistack-app","LoginPage",
"frontend-typescript-react:src/test/pages/RegisterPage.test.tsx#RegisterPage shows the exact mismatch error when passwords differ","shows the exact mismatch error when passwords differ","passed","259ms",,,"expect({""__reactFiber$pe2ohv5qql"":{""tag"":5,""key"":null,""elementType"":""p"",""type"":""p"",""stateNode"":""[Circular]"",""return"":""[Object]"",""child"":null,""sibling"":""[Object]"",""inde... <truncated>).toHaveTextContent(""Passwords do not match"") passed (1ms)","RegisterPage","RegisterPage",,"autotests-ai-multistack-app,autotests-ai-multistack-app","RegisterPage",
"frontend-typescript-react:src/test/pages/LoginPage.test.tsx#LoginPage shows the exact password-required error when password is empty","shows the exact password-required error when password is empty","passed","82ms",,,"expect({""__reactFiber$66u28fiop1"":{""tag"":5,""key"":null,""elementType"":""p"",""type"":""p"",""stateNode"":""[Circular]"",""return"":""[Object]"",""child"":null,""sibling"":""[Object]"",""inde... <truncated>).toHaveTextContent(""Password is required (minimum 6 characters)"") passed (0s)","LoginPage","LoginPage",,"autotests-ai-multistack-app,autotests-ai-multistack-app","LoginPage",
"frontend-typescript-react:src/test/pages/LoginPage.test.tsx#LoginPage shows the network message when the request never reaches the API","shows the network message when the request never reaches the API","passed","173ms",,,"expect({""__reactFiber$66u28fiop1"":{""tag"":5,""key"":null,""elementType"":""p"",""type"":""p"",""stateNode"":""[Circular]"",""return"":""[Object]"",""child"":null,""sibling"":""[Object]"",""inde... <truncated>).toHaveTextContent(""Network error. Check your connection and try again."") passed (0s)","LoginPage","LoginPage",,"autotests-ai-multistack-app,autotests-ai-multistack-app","LoginPage",
"frontend-typescript-react:src/test/pages/RegisterPage.test.tsx#RegisterPage shows validation error when login is too short","shows validation error when login is too short","passed","446ms",,,"expect({""__reactFiber$pe2ohv5qql"":{""tag"":5,""key"":null,""elementType"":""p"",""type"":""p"",""stateNode"":""[Circular]"",""return"":""[Object]"",""child"":null,""sibling"":""[Object]"",""inde... <truncated>).toHaveTextContent(""Login must be at least 3 characters"") passed (1ms)","RegisterPage","RegisterPage",,"autotests-ai-multistack-app,autotests-ai-multistack-app","RegisterPage",
"frontend-typescript-react:src/test/pages/HomePage.test.tsx#HomePage shows welcome, logout and delete account when profile loads for a session token","shows welcome, logout and delete account when profile loads for a session token","passed","40ms",,,"expect({""__reactFiber$lood1h7dxxq"":{""tag"":5,""key"":null,""elementType"":""p"",""type"":""p"",""stateNode"":""[Circular]"",""return"":""[Object]"",""child"":null,""sibling"":""[Object]"",""ind... <truncated>).toHaveTextContent(""Welcome, user1!"") passed (0s)
 expect({""__reactFiber$lood1h7dxxq"":{""tag"":5,""key"":null,""elementType"":""div"",""type"":""div"",""stateNode"":""[Circular]"",""return"":""[Object]"",""child"":""[Object]"",""sibling"":null,... <truncated>).toBeVisible() passed (10ms)
  expect({""__reactFiber$lood1h7dxxq"":{""tag"":5,""key"":null,""elementType"":""button"",""type"":""button"",""stateNode"":""[Circular]"",""return"":""[Object]"",""child"":null,""sibling"":null,... <truncated>).toBeInTheDocument() passed (0s)
   expect({""__reactFiber$lood1h7dxxq"":{""tag"":5,""key"":null,""elementType"":""button"",""type"":""button"",""stateNode"":""[Circular]"",""return"":""[Object]"",""child"":null,""sibling"":null,... <truncated>).toHaveTextContent(""Delete account"") passed (0s)
    expect({""__reactFiber$lood1h7dxxq"":{""tag"":5,""key"":null,""elementType"":""div"",""type"":""div"",""stateNode"":""[Circular]"",""return"":""[Object]"",""child"":""[Object]"",""sibling"":null,... <truncated>).toBeInTheDocument() passed (0s)","HomePage","HomePage",,"autotests-ai-multistack-app,autotests-ai-multistack-app","HomePage",
"frontend-typescript-react:src/test/pwa/registerServiceWorker.test.ts#registerServiceWorker skips registration in Vite DEV","skips registration in Vite DEV","passed","1ms",,,"expect([Function Mock]).not.toHaveBeenCalled() passed (0s)","registerServiceWorker","registerServiceWorker",,"autotests-ai-multistack-app,autotests-ai-multistack-app","registerServiceWorker",
"frontend-typescript-react:src/test/pwa/registerServiceWorker.test.ts#registerServiceWorker skips registration when serviceWorker is unavailable","skips registration when serviceWorker is unavailable","passed","1ms",,,"expect([Function]).not.toThrow() passed (1ms)","registerServiceWorker","registerServiceWorker",,"autotests-ai-multistack-app,autotests-ai-multistack-app","registerServiceWorker",
"dev.multistack.app.config.UserSeederTest.skipsSeedingWhenCredentialsMissing","skips seeding when credentials are not configured username="""" password=""""","passed","1ms",,,,,"UserSeeder",,"Authentication","User seeder",
"dev.multistack.app.config.UserSeederTest.skipsSeedingWhenCredentialsMissing","skips seeding when credentials are not configured username="""" password=""password1""","passed","9ms",,,,,"UserSeeder",,"Authentication","User seeder",
"dev.multistack.app.config.UserSeederTest.skipsSeedingWhenCredentialsMissing","skips seeding when credentials are not configured username=""user1"" password=""""","passed","2ms",,,,,"UserSeeder",,"Authentication","User seeder",
"dev.multistack.app.config.UserSeederTest.skipsSeedingWhenUserExists","skips seeding when user already exists","passed","4ms",,,,,"UserSeeder",,"Authentication","User seeder",
"frontend-typescript-react:src/test/lib/auth.test.ts#deleteAccount skips the request when there is no session","skips the request when there is no session","passed","1ms",,,"expect([Function Mock]).not.toHaveBeenCalled() passed (0s)
 expect(null).toBeNull() passed (0s)","deleteAccount","deleteAccount",,"autotests-ai-multistack-app,autotests-ai-multistack-app","deleteAccount",
"frontend-typescript-react:src/test/pages/LoginPage.test.tsx#LoginPage stores session and navigates home on successful login","stores session and navigates home on successful login","passed","155ms",,,"expect({""__reactFiber$66u28fiop1"":{""tag"":5,""key"":null,""elementType"":""div"",""type"":""div"",""stateNode"":""[Circular]"",""return"":""[Object]"",""child"":null,""sibling"":null,""index""... <truncated>).toBeInTheDocument() passed (0s)
 expect(""tok-1"").toBe(""tok-1"") passed (0s)","LoginPage","LoginPage",,"autotests-ai-multistack-app,autotests-ai-multistack-app","LoginPage",
"frontend-typescript-react:src/test/pages/RegisterPage.test.tsx#RegisterPage stores session and navigates home on successful register","stores session and navigates home on successful register","passed","229ms",,,"expect({""__reactFiber$pe2ohv5qql"":{""tag"":5,""key"":null,""elementType"":""div"",""type"":""div"",""stateNode"":""[Circular]"",""return"":""[Object]"",""child"":null,""sibling"":null,""index""... <truncated>).toBeInTheDocument() passed (0s)
 expect(""tok-reg"").toBe(""tok-reg"") passed (0s)","RegisterPage","RegisterPage",,"autotests-ai-multistack-app,autotests-ai-multistack-app","RegisterPage",
"frontend-typescript-react:src/test/lib/auth.test.ts#formatMessage substitutes placeholders and drops unknown keys","substitutes placeholders and drops unknown keys","passed","1ms",,,"expect(""at least 3 chars, "").toBe(""at least 3 chars, "") passed (0s)","formatMessage","formatMessage",,"autotests-ai-multistack-app,autotests-ai-multistack-app","formatMessage",
"frontend-typescript-react:src/test/lib/appBase.test.ts#appBase — mount precedence takes backend and frontend from the path matrix","takes backend and frontend from the path matrix","passed","20ms",,,"expect(""/stack/backend-java-spring/frontend-typescript-react"").toBe(""/stack/backend-java-spring/frontend-typescript-react"") passed (1ms)
 expect(""backend-java-spring"").toBe(""backend-java-spring"") passed (0s)
  expect(""authToken:backend-java-spring"").toBe(""authToken:backend-java-spring"") passed (0s)
   expect(""/stack/backend-java-spring/frontend-typescript-react/js/header.js"").toBe(""/stack/backend-java-spring/frontend-typescript-react/js/header.js"") passed (0s)
    expect(""/stack/backend-java-spring/api/health"").toBe(""/stack/backend-java-spring/api/health"") passed (0s)","appBase — mount precedence","appBase — mount precedence",,"autotests-ai-multistack-app,autotests-ai-multistack-app","appBase — mount precedence",
"frontend-typescript-react:src/test/header-active-nav.test.ts#canonical header.js — mobile burger menu toggles menu visibility via burger button","toggles menu visibility via burger button","passed","241ms",,,"expect(6).toBe(6) passed (0s)
 expect(6).toBe(6) passed (0s)
  expect({}).not.toBeNull() passed (0s)
   expect({}).not.toBeNull() passed (0s)
    expect(true).toBe(true) passed (0s)
     expect(""false"").toBe(""false"") passed (0s)
      expect(false).toBe(false) passed (0s)
       expect(""true"").toBe(""true"") passed (0s)
        expect(true).toBe(true) passed (0s)
         expect(""false"").toBe(""false"") passed (0s)","canonical header.js — mobile burger menu","canonical header.js — mobile burger menu",,"autotests-ai-multistack-app,autotests-ai-multistack-app","canonical header.js — mobile burger menu",
"frontend-typescript-react:src/test/lib/stack-matrix.test.ts#stack-matrix selection treats bare /stack/ as the hub and fills the CI default pair","treats bare /stack/ as the hub and fills the CI default pair","passed","6ms",,,"expect({""hub"":true,""backendId"":""backend-java-spring"",""frontendId"":""frontend-typescript-react""}).toEqual({""hub"":true,""backendId"":""backend-java-spring"",""frontendId"":""frontend-typescript-react""}) passed (2ms)","stack-matrix selection","stack-matrix selection",,"autotests-ai-multistack-app,autotests-ai-multistack-app","stack-matrix selection",
"dev.multistack.app.config.SecurityChainTest.unmappedApiPathRequiresAuthentication","unmapped /api/** path requires authentication (catch-all)","passed","6ms",,,,,"Security chain with real JWT filter,slice",,"Security","Security chain",
"dev.multistack.app.config.SecurityChainTest.unmappedApiPathWithTokenIsNotFound","unmapped /api/** path with a valid token is 404, not 401","passed","38ms",,,,,"Security chain with real JWT filter,slice",,"Security","Security chain",
"frontend-typescript-react:src/test/header-active-nav.test.ts#canonical header.js — host-match env switchers updates host-match hrefs on SPA pushState","updates host-match hrefs on SPA pushState","passed","67ms",,,"expect(6).toBe(6) passed (0s)
 expect(6).toBe(6) passed (0s)
  expect(""https://stage.autotests.ai/frontend-typescript-react/register"").toBe(""https://stage.autotests.ai/frontend-typescript-react/register"") passed (0s)
   expect([""header-nav-register""]).toEqual([""header-nav-register""]) passed (0s)","canonical header.js — host-match env switchers","canonical header.js — host-match env switchers",,"autotests-ai-multistack-app,autotests-ai-multistack-app","canonical header.js — host-match env switchers",
"tests.e2e.LogoutTests.shouldLogoutAfterFormLogin","User can logout after form login","passed","5s 917ms",,,"Open login page passed (1s 730ms)
  Verify login form is mounted passed (1s 337ms)
 Fill and submit form passed (1s 381ms)
   Verify login form is mounted passed (1s 101ms)
  Verify welcome message: Welcome, user1! passed (723ms)
   Click logout button passed (651ms)
    Verify form title message: Login Form passed (416ms)",,"Logout",,"Authentication","Logout",
"tests.e2e.LogoutTests.shouldLogoutAfterLocalStorageAuthentication","User can logout after localStorage authentication","passed","5s 886ms",,,"Open home page with local storage authentication passed (1s 472ms)
  API: login as user1 passed (533ms)
 Verify welcome message: Welcome, user1! passed (888ms)
  Verify session panel offers logout and delete account passed (1s 355ms)
   Click logout button passed (735ms)
    Verify form title message: Login Form passed (431ms)",,"Logout",,"Authentication","Logout",
"tests.e2e.LoginTests.shouldLoginWithValidCredentials","User is logged in with valid credentials","passed","4s 822ms",,,"Open login page passed (1s 698ms)
  Verify login form is mounted passed (1s 306ms)
 Fill and submit form passed (1s 359ms)
   Verify login form is mounted passed (1s 94ms)
  Verify welcome message: Welcome, user1! passed (742ms)",,"Login",,"Authentication","Login",
"tests.e2e.WelcomePanelScreenshotTests.welcomePanelMatchesScreenshot","Welcome panel matches screenshot Welcome panel matches screenshot at 1280px","passed","6s 243ms",,,"Open login page passed (1s 634ms)
  Verify login form is mounted passed (1s 294ms)
 Fill and submit form passed (1s 392ms)
   Verify login form is mounted passed (1s 105ms)
  Verify welcome message: Welcome, user1! passed (731ms)
   Welcome panel is visible passed (282ms)
    Compare screenshot: welcome-panel-1280 passed (0s)",,"Welcome panel,Welcome panel screenshot","screenshot","Authentication","Welcome panel",
"tests.e2e.WelcomePanelScreenshotTests.welcomePanelMatchesScreenshot","Welcome panel matches screenshot Welcome panel matches screenshot at 390px","passed","6s 13ms",,,"Open login page passed (1s 608ms)
  Verify login form is mounted passed (1s 248ms)
 Fill and submit form passed (1s 371ms)
   Verify login form is mounted passed (1s 107ms)
  Verify welcome message: Welcome, user1! passed (736ms)
   Welcome panel is visible passed (279ms)
    Compare screenshot: welcome-panel-390 passed (0s)",,"Welcome panel,Welcome panel screenshot","screenshot","Authentication","Welcome panel",
"tests.e2e.WelcomePanelScreenshotTests.welcomePanelMatchesScreenshot","Welcome panel matches screenshot Welcome panel matches screenshot at 768px","passed","6s 272ms",,,"Open login page passed (1s 689ms)
  Verify login form is mounted passed (1s 323ms)
 Fill and submit form passed (1s 430ms)
   Verify login form is mounted passed (1s 153ms)
  Verify welcome message: Welcome, user1! passed (774ms)
   Welcome panel is visible passed (277ms)
    Compare screenshot: welcome-panel-768 passed (1ms)",,"Welcome panel,Welcome panel screenshot","screenshot","Authentication","Welcome panel",
"tests.e2e.LoginTests.shouldShowErrorWhenPasswordIsWrong","Wrong password shows readable error","passed","6s 178ms",,,"Open login page passed (1s 723ms)
  Verify login form is mounted passed (1s 332ms)
 Type username: user1 passed (970ms)
  Type password passed (984ms)
   Submit login form expecting validation error passed (1s 60ms)
    Verify error message: Wrong login or password passed (410ms)",,"Login",,"Authentication","Login",